0
0.0036963
0.0099284
0.016161
0.022393
0.028625
0.034857
0.041089
0.047321
0.053553
0.059785
0.066017
0.07225
0.078482
0.084714
0.090946
0.097178
0.10341
0.10964
0.11587
0.12211
0.12834
0.13457
0.1408
0.14703
0.15327
0.1595
0.16573
0.17196
0.1782
0.18443
0.19066
0.19689
0.20312
0.20936
0.21559
0.22182
0.22805
0.23428
0.24052
0.24675
0.25298
0.25921
0.26545
0.27168
0.27791
0.28414
0.29037
0.29661
0.30284
0.30907
0.3153
0.32153
0.32777
0.334
0.34023
0.34646
0.35269
0.35893
0.36516
0.37139
0.37762
0.38386
0.39009
0.39632
0.40255
0.40878
0.41502
0.42125
0.42748
0.43371
0.43994
0.44618
0.45241
0.45864
0.46487
0.4711
0.47734
0.48357
0.4898
0.49603
0.50227
0.5085
0.51473
0.52096
0.52719
0.53343
0.53966
0.54589
0.55212
0.55835
0.56459
0.57082
0.57705
0.58328
0.58952
0.59575
0.60198
0.60821
0.61444
0.62068
0.62691
0.63314
0.63929
0.64065
0.64201
0.64336
0.64472
0.64608
0.64743
0.64879
0.65015
0.6515
0.65286
0.65421
0.65557
0.65693
0.65828
0.65964
0.661
0.66235
0.66371
0.66507
0.66642
0.66778
0.66913
0.67049
0.67185
0.6732
0.67456
0.67592
0.67727
0.67863
0.67999
0.68134
0.6827
0.68406
0.68541
0.68677
0.68812
0.68948
0.69084
0.69219
0.69355
0.69491
0.69626
0.69762
0.69898
0.70033
0.70169
0.70304
0.7044
0.70576
0.70711
0.70847
0.70983
0.71118
0.71254
0.7139
0.71525
0.71661
0.71797
0.71932
0.72068
0.72203
0.72339
0.72475
0.7261
0.72746
0.72882
0.73017
0.73153
0.73289
0.73424
0.7356
0.73695
0.73831
0.73967
0.74102
0.74238
0.74374
0.74509
0.74645
0.74781
0.74916
0.75052
0.75188
0.75323
0.75459
0.75594
0.7573
0.75866
0.76001
0.76137
0.76273
0.76408
0.76544
0.7668
0.76815
0.76951
0.77086
0.77222
0.77358
0.77493
0.77629
0.77765
0.77878
0.77947
0.78016
0.78085
0.78154
0.78223
0.78292
0.78361
0.7843
0.785
0.78569
0.78638
0.78707
0.78776
0.78845
0.78914
0.78983
0.79052
0.79121
0.7919
0.79259
0.79328
0.79397
0.79467
0.79536
0.79605
0.79674
0.79743
0.79812
0.79881
0.7995
0.80019
0.80088
0.80157
0.80226
0.80295
0.80365
0.80434
0.80503
0.80572
0.80641
0.8071
0.80779
0.80848
0.80917
0.80986
0.81055
0.81124
0.81193
0.81263
0.81332
0.81401
0.8147
0.81539
0.81608
0.81677
0.81746
0.81815
0.81884
0.81953
0.82022
0.82091
0.82161
0.8223
0.82299
0.82368
0.82437
0.82506
0.82575
0.82644
0.82713
0.82782
0.82851
0.8292
0.82989
0.83059
0.83128
0.83197
0.83266
0.83335
0.83404
0.83473
0.83542
0.83611
0.8368
0.83749
0.83818
0.83887
0.83957
0.84026
0.84095
0.84164
0.84233
0.84302
0.84371
0.8444
0.84509
0.84578
0.84647
0.84716
0.84776
0.84822
0.84868
0.84915
0.84961
0.85007
0.85054
0.851
0.85147
0.85193
0.85239
0.85286
0.85332
0.85378
0.85425
0.85471
0.85517
0.85564
0.8561
0.85657
0.85703
0.85749
0.85796
0.85842
0.85888
0.85935
0.85981
0.86028
0.86074
0.8612
0.86167
0.86213
0.86259
0.86306
0.86352
0.86399
0.86445
0.86491
0.86538
0.86584
0.8663
0.86677
0.86723
0.8677
0.86816
0.86862
0.86909
0.86955
0.87001
0.87048
0.87094
0.87141
0.87187
0.87233
0.8728
0.87326
0.87372
0.87419
0.87465
0.87512
0.87558
0.87604
0.87651
0.87697
0.87743
0.8779
0.87836
0.87883
0.87929
0.87975
0.88022
0.88068
0.88114
0.88161
0.88207
0.88253
0.883
0.88346
0.88393
0.88439
0.88485
0.88532
0.88578
0.88624
0.88671
0.88717
0.88764
0.8881
0.88856
0.88903
0.88949
0.88995
0.89042
0.89088
0.89135
0.89181
0.89227
0.89274
0.8932
0.89366
0.89413
0.89459
0.89506
0.89552
0.89598
0.89645
0.89691
0.89737
0.8978
0.89809
0.89837
0.89866
0.89894
0.89923
0.89951
0.8998
0.90008
0.90036
0.90065
0.90093
0.90122
0.9015
0.90179
0.90207
0.90236
0.90264
0.90293
0.90321
0.9035
0.90378
0.90407
0.90435
0.90464
0.90492
0.90521
0.90549
0.90578
0.90606
0.90635
0.90663
0.90692
0.9072
0.90749
0.90777
0.90806
0.90834
0.90863
0.90891
0.9092
0.90948
0.90977
0.91005
0.91034
0.91062
0.91091
0.91119
0.91148
0.91176
0.91205
0.91233
0.91262
0.9129
0.91319
0.91347
0.91376
0.91404
0.91433
0.91461
0.9149
0.91518
0.91546
0.91575
0.91603
0.91632
0.9166
0.91689
0.91717
0.91746
0.91774
0.91803
0.91831
0.9186
0.91888
0.91917
0.91945
0.91974
0.92002
0.92031
0.92059
0.92088
0.92116
0.92145
0.92173
0.92202
0.9223
0.92259
0.92287
0.92316
0.92344
0.92373
0.92401
0.9243
0.92458
0.92487
0.92515
0.92544
0.92572
0.92601
0.92629
0.92658
0.92685
0.92711
0.92738
0.92765
0.92791
0.92818
0.92845
0.92872
0.92898
0.92925
0.92952
0.92979
0.93005
0.93032
0.93059
0.93086
0.93112
0.93139
0.93166
0.93193
0.93219
0.93246
0.93273
0.933
0.93326
0.93353
0.9338
0.93407
0.93433
0.9346
0.93487
0.93514
0.9354
0.93567
0.93594
0.93621
0.93647
0.93674
0.93701
0.93728
0.93754
0.93781
0.93808
0.93835
0.93861
0.93888
0.93915
0.93942
0.93968
0.93995
0.94022
0.94049
0.94075
0.94102
0.94129
0.94156
0.94182
0.94209
0.94236
0.94263
0.94289
0.94316
0.94343
0.9437
0.94396
0.94423
0.9445
0.94476
0.94503
0.9453
0.94557
0.94583
0.9461
0.94637
0.94664
0.9469
0.94717
0.94744
0.94771
0.94797
0.94824
0.94851
0.94878
0.94904
0.94931
0.94958
0.94985
0.95011
0.95038
0.95065
0.95092
0.95118
0.95145
0.95172
0.95199
0.95225
0.95252
0.95279
0.95303
0.95322
0.95341
0.9536
0.9538
0.95399
0.95418
0.95438
0.95457
0.95476
0.95496
0.95515
0.95534
0.95553
0.95573
0.95592
0.95611
0.95631
0.9565
0.95669
0.95688
0.95708
0.95727
0.95746
0.95766
0.95785
0.95804
0.95823
0.95843
0.95862
0.95881
0.95901
0.9592
0.95939
0.95959
0.95978
0.95997
0.96016
0.96036
0.96055
0.96074
0.96094
0.96113
0.96132
0.96151
0.96171
0.9619
0.96209
0.96229
0.96248
0.96267
0.96286
0.96306
0.96325
0.96344
0.96364
0.96383
0.96402
0.96421
0.96441
0.9646
0.96479
0.96499
0.96518
0.96537
0.96557
0.96576
0.96595
0.96614
0.96634
0.96653
0.96672
0.96692
0.96711
0.9673
0.96749
0.96769
0.96788
0.96807
0.96827
0.96846
0.96865
0.96884
0.96904
0.96923
0.96942
0.96962
0.96981
0.97
0.9702
0.97039
0.97058
0.97077
0.97097
0.97116
0.97135
0.97155
0.97174
0.97193
0.97212
0.97232
0.97251
0.9727
0.9729
0.97307
0.97319
0.97332
0.97344
0.97357
0.97369
0.97382
0.97395
0.97407
0.9742
0.97432
0.97445
0.97457
0.9747
0.97482
0.97495
0.97508
0.9752
0.97533
0.97545
0.97558
0.9757
0.97583
0.97595
0.97608
0.97621
0.97633
0.97646
0.97658
0.97671
0.97683
0.97696
0.97709
0.97721
0.97734
0.97746
0.97759
0.97771
0.97784
0.97796
0.97809
0.97822
0.97834
0.97847
0.97859
0.97872
0.97884
0.97897
0.97909
0.97922
0.97935
0.97947
0.9796
0.97972
0.97985
0.97997
0.9801
0.98022
0.98035
0.98048
0.9806
0.98073
0.98085
0.98098
0.9811
0.98123
0.98136
0.98148
0.98161
0.98173
0.98186
0.98198
0.98211
0.98223
0.98236
0.98249
0.98261
0.98274
0.98286
0.98299
0.98311
0.98324
0.98336
0.98349
0.98362
0.98374
0.98387
0.98399
0.98412
0.98424
0.98437
0.9845
0.98462
0.98475
0.98487
0.985
0.98512
0.98525
0.98537
0.9855
0.9856
0.98566
0.98572
0.98578
0.98583
0.98589
0.98595
0.98601
0.98607
0.98613
0.98619
0.98625
0.98631
0.98637
0.98643
0.98649
0.98655
0.98661
0.98667
0.98673
0.98679
0.98685
0.98691
0.98697
0.98702
0.98708
0.98714
0.9872
0.98726
0.98732
0.98738
0.98744
0.9875
0.98756
0.98762
0.98768
0.98774
0.9878
0.98786
0.98792
0.98798
0.98804
0.9881
0.98815
0.98821
0.98827
0.98833
0.98839
0.98845
0.98851
0.98857
0.98863
0.98869
0.98875
0.98881
0.98887
0.98893
0.98899
0.98905
0.98911
0.98917
0.98923
0.98929
0.98934
0.9894
0.98946
0.98952
0.98958
0.98964
0.9897
0.98976
0.98982
0.98988
0.98994
0.99
0.99006
0.99012
0.99018
0.99024
0.9903
0.99036
0.99042
0.99048
0.99053
0.99059
0.99065
0.99071
0.99077
0.99083
0.99089
0.99095
0.99101
0.99107
0.99113
0.99119
0.99125
0.99131
0.99137
0.99143
0.99149
0.99155
0.99161
0.99166
0.99172
0.99178
0.99184
0.99189
0.99195
0.992
0.99205
0.9921
0.99215
0.9922
0.99225
0.9923
0.99235
0.9924
0.99245
0.99251
0.99256
0.99261
0.99266
0.99271
0.99276
0.99281
0.99286
0.99291
0.99296
0.99302
0.99307
0.99312
0.99317
0.99322
0.99327
0.99332
0.99337
0.99342
0.99347
0.99352
0.99358
0.99363
0.99368
0.99373
0.99378
0.99383
0.99388
0.99393
0.99398
0.99403
0.99409
0.99414
0.99419
0.99424
0.99429
0.99434
0.99439
0.99444
0.99449
0.99454
0.99459
0.99465
0.9947
0.99475
0.9948
0.99485
0.9949
0.99495
0.995
0.99505
0.9951
0.99515
0.99521
0.99526
0.99531
0.99536
0.99541
0.99546
0.99551
0.99556
0.99561
0.99566
0.99572
0.99577
0.99582
0.99587
0.99592
0.99597
0.99602
0.99607
0.99612
0.99617
0.99622
0.99628
0.99633
0.99638
0.99643
0.99648
0.99653
0.99658
0.99663
0.99668
0.99673
0.99679
0.99684
0.99784
0.99987
1