0
0.004681
0.0048222
0.0049634
0.0051046
0.0052459
0.0053871
0.0055283
0.0056695
0.0058107
0.0059519
0.0060932
0.0062344
0.0063756
0.0065168
0.006658
0.0067992
0.0069405
0.0070817
0.0072229
0.0073641
0.0075053
0.0076465
0.0077878
0.007929
0.0080702
0.0082114
0.0083526
0.0084938
0.0086351
0.0087763
0.0089175
0.0090587
0.0091999
0.0093411
0.0094824
0.0096236
0.0097648
0.009906
0.010047
0.010188
0.01033
0.010471
0.010612
0.010753
0.010895
0.011036
0.011177
0.011318
0.011459
0.011601
0.011742
0.011883
0.012024
0.012165
0.012307
0.012448
0.012589
0.01273
0.012872
0.013013
0.013154
0.013295
0.013436
0.013578
0.013719
0.01386
0.014001
0.014143
0.014284
0.014425
0.014566
0.014707
0.014849
0.01499
0.015131
0.015272
0.015413
0.015555
0.015696
0.015837
0.015978
0.01612
0.016261
0.016402
0.016543
0.016684
0.016826
0.016967
0.017108
0.017249
0.017391
0.017532
0.017673
0.017814
0.017955
0.018097
0.018238
0.018379
0.01852
0.018661
0.018803
0.018944
0.019085
0.019226
0.019368
0.019509
0.01965
0.019791
0.019932
0.020074
0.020215
0.020356
0.020497
0.020638
0.02078
0.020921
0.021062
0.021203
0.021345
0.021486
0.021627
0.021768
0.021909
0.022051
0.022192
0.022333
0.022474
0.022616
0.022757
0.022898
0.023039
0.02318
0.023322
0.023463
0.023604
0.023745
0.023886
0.024028
0.024169
0.02431
0.024451
0.024593
0.024734
0.024875
0.025016
0.025157
0.025299
0.02544
0.025581
0.025722
0.025864
0.026005
0.026146
0.026287
0.026428
0.02657
0.026711
0.026852
0.026993
0.027134
0.027276
0.027417
0.027558
0.027703
0.028026
0.02835
0.028673
0.028997
0.029321
0.029644
0.029968
0.030292
0.030615
0.030939
0.031262
0.031586
0.03191
0.032233
0.032557
0.032881
0.033204
0.033528
0.033851
0.034175
0.034499
0.034822
0.035146
0.03547
0.035793
0.036117
0.03644
0.036764
0.037088
0.037411
0.037735
0.038059
0.038382
0.038706
0.039029
0.039353
0.039677
0.04
0.040324
0.040647
0.040971
0.041295
0.041618
0.041942
0.042266
0.042589
0.042913
0.043236
0.04356
0.043884
0.044207
0.044531
0.044855
0.045178
0.045502
0.045825
0.046149
0.046473
0.046796
0.04712
0.047444
0.047767
0.048091
0.048414
0.048738
0.049062
0.049385
0.049709
0.050033
0.050356
0.05068
0.051003
0.051327
0.051651
0.051974
0.052298
0.052622
0.052945
0.053269
0.053592
0.053916
0.05424
0.054563
0.054887
0.05521
0.055534
0.055858
0.056181
0.056505
0.056829
0.057152
0.057476
0.057799
0.058123
0.058447
0.05877
0.059094
0.059418
0.059741
0.060065
0.060388
0.060712
0.061036
0.061359
0.061683
0.062007
0.06233
0.062654
0.062977
0.063301
0.063625
0.063948
0.064272
0.064596
0.064919
0.065243
0.065566
0.06589
0.066214
0.066537
0.066861
0.067184
0.067508
0.067832
0.068155
0.068479
0.068803
0.069126
0.06945
0.069773
0.070097
0.070421
0.070744
0.071068
0.071392
0.071715
0.072039
0.072362
0.072686
0.07301
0.073333
0.073657
0.073981
0.074304
0.074628
0.074951
0.075275
0.075599
0.075922
0.076246
0.07657
0.076893
0.077217
0.07754
0.077864
0.078188
0.078511
0.078835
0.079159
0.079482
0.079806
0.080129
0.080453
0.080777
0.0811
0.081424
0.081747
0.082071
0.082395
0.082718
0.083042
0.083366
0.083689
0.084013
0.084336
0.08466
0.084984
0.085307
0.085631
0.085955
0.086278
0.086602
0.086925
0.087249
0.087573
0.087896
0.08822
0.088544
0.088867
0.089191
0.089514
0.089838
0.090162
0.090485
0.090809
0.091133
0.091456
0.09178
0.09217
0.092574
0.092979
0.093383
0.093788
0.094192
0.094596
0.095001
0.095405
0.095809
0.096214
0.096618
0.097023
0.097427
0.097831
0.098236
0.09864
0.099045
0.099449
0.099853
0.10026
0.10066
0.10107
0.10147
0.10188
0.10228
0.10268
0.10309
0.10349
0.1039
0.1043
0.10471
0.10511
0.10551
0.10592
0.10632
0.10673
0.10713
0.10754
0.10794
0.10835
0.10875
0.10915
0.10956
0.10996
0.11037
0.11077
0.11118
0.11158
0.11199
0.11239
0.11279
0.1132
0.1136
0.11401
0.11441
0.11482
0.11522
0.11562
0.11603
0.11643
0.11684
0.11724
0.11765
0.11805
0.11846
0.11886
0.11926
0.11967
0.12007
0.12048
0.12088
0.12129
0.12169
0.1221
0.1225
0.1229
0.12331
0.12371
0.12412
0.12452
0.12493
0.12533
0.12573
0.12614
0.12654
0.12695
0.12735
0.12776
0.12816
0.12857
0.12897
0.12937
0.12978
0.13018
0.13059
0.13099
0.1314
0.1318
0.1322
0.13261
0.13301
0.13342
0.13382
0.13423
0.13463
0.13504
0.13544
0.13584
0.13625
0.13665
0.13706
0.13746
0.13787
0.13827
0.13868
0.13908
0.13948
0.13989
0.14029
0.1407
0.1411
0.14151
0.14191
0.14231
0.14272
0.14312
0.14353
0.14393
0.14434
0.14474
0.14515
0.14555
0.14595
0.14636
0.14676
0.14717
0.14757
0.14798
0.14838
0.14879
0.14919
0.14959
0.15
0.1504
0.15081
0.15121
0.15162
0.15202
0.15242
0.15283
0.15323
0.15364
0.15404
0.15445
0.15485
0.15526
0.15566
0.15606
0.15647
0.15687
0.15728
0.15768
0.15809
0.15849
0.15889
0.1593
0.1597
0.16011
0.16051
0.16092
0.16132
0.16173
0.16213
0.16253
0.16294
0.16334
0.16375
0.16415
0.16456
0.16496
0.16537
0.16577
0.16617
0.16658
0.16698
0.16739
0.16779
0.1682
0.1686
0.169
0.16941
0.16981
0.17022
0.17062
0.17103
0.17143
0.17184
0.17224
0.17264
0.17305
0.17345
0.17386
0.17426
0.17467
0.17507
0.17548
0.17588
0.17628
0.17669
0.17709
0.1775
0.1779
0.17831
0.17871
0.17911
0.17952
0.17992
0.18033
0.18073
0.18114
0.18154
0.18195
0.18235
0.18275
0.18316
0.18356
0.18397
0.18437
0.18478
0.18518
0.18558
0.18599
0.18639
0.1868
0.1872
0.18761
0.18801
0.18842
0.18882
0.18922
0.18963
0.19003
0.19044
0.19084
0.19125
0.19165
0.19206
0.19246
0.19286
0.19327
0.19367
0.19408
0.19448
0.19489
0.19529
0.19569
0.1961
0.1965
0.19698
0.19763
0.19827
0.19892
0.19957
0.20022
0.20086
0.20151
0.20216
0.20281
0.20346
0.2041
0.20475
0.2054
0.20605
0.2067
0.20734
0.20799
0.20864
0.20929
0.20994
0.21058
0.21123
0.21188
0.21253
0.21318
0.21382
0.21447
0.21512
0.21577
0.21642
0.21706
0.21771
0.21836
0.21901
0.21966
0.2203
0.22095
0.2216
0.22225
0.2229
0.22354
0.22419
0.22484
0.22549
0.22614
0.22678
0.22743
0.22808
0.22873
0.22938
0.23002
0.23067
0.23132
0.23197
0.23261
0.23326
0.23391
0.23456
0.23521
0.23585
0.2365
0.23715
0.2378
0.23845
0.23909
0.23974
0.24039
0.24104
0.24169
0.24233
0.24298
0.24363
0.24428
0.24493
0.24557
0.24622
0.24687
0.24752
0.24817
0.24881
0.24946
0.25011
0.25076
0.25141
0.25205
0.2527
0.25335
0.254
0.25465
0.25529
0.25594
0.25659
0.25724
0.25789
0.25853
0.25918
0.25983
0.26048
0.26113
0.26177
0.26242
0.26307
0.26372
0.26437
0.26501
0.26566
0.26631
0.26696
0.2676
0.26825
0.2689
0.26955
0.2702
0.27084
0.27149
0.27214
0.27279
0.27344
0.27408
0.27473
0.27538
0.27603
0.27668
0.27732
0.27797
0.27862
0.27927
0.27992
0.28056
0.28121
0.28186
0.28251
0.28316
0.2838
0.28445
0.2851
0.28575
0.2864
0.28704
0.28769
0.28834
0.28899
0.28964
0.29028
0.29093
0.29158
0.29223
0.29288
0.29352
0.29417
0.29482
0.29547
0.29612
0.29676
0.29741
0.29806
0.29871
0.29936
0.3
0.30065
0.3013
0.30195
0.30259
0.30324
0.30389
0.30454
0.30519
0.30583
0.30648
0.30713
0.30778
0.30843
0.30907
0.30972
0.31037
0.31102
0.31167
0.31231
0.31296
0.31361
0.31426
0.31491
0.31555
0.3162
0.31685
0.3175
0.31815
0.31879
0.31944
0.32009
0.32074
0.32139
0.32203
0.32425
0.32683
0.32941
0.332
0.33458
0.33717
0.33975
0.34233
0.34492
0.3475
0.35008
0.35267
0.35525
0.35783
0.36042
0.363
0.36559
0.36817
0.37075
0.37334
0.37592
0.3785
0.38109
0.38367
0.38625
0.38884
0.39142
0.39401
0.39659
0.39917
0.40176
0.40434
0.40692
0.40951
0.41209
0.41467
0.41726
0.41984
0.42243
0.42501
0.42759
0.43018
0.43276
0.43534
0.43793
0.44051
0.44309
0.44568
0.44826
0.45085
0.45343
0.45601
0.4586
0.46118
0.46376
0.46635
0.46893
0.47151
0.4741
0.47668
0.47927
0.48185
0.48443
0.48702
0.4896
0.49218
0.49477
0.49735
0.49993
0.50252
0.5051
0.50768
0.51027
0.51285
0.51544
0.51802
0.5206
0.52319
0.52577
0.52835
0.53094
0.53352
0.5361
0.53869
0.54127
0.54386
0.54644
0.54902
0.55161
0.55419
0.55677
0.55936
0.56194
0.56452
0.56711
0.56969
0.57228
0.57486
0.57744
0.58003
0.58261
0.58519
0.58778
0.59036
0.59381
0.59727
0.60073
0.60419
0.60765
0.61111
0.61457
0.61803
0.62149
0.62495
0.62841
0.63187
0.63533
0.63879
0.64225
0.64571
0.64917
0.65263
0.65609
0.65955
0.66301
0.66647
0.66993
0.67339
0.67685
0.68031
0.68377
0.68723
0.69069
0.69415
0.69761
0.70107
0.70453
0.70799
0.71145
0.71491
0.71837
0.72183
0.72529
0.72875
0.73221
0.73567
0.73913
0.74259
0.74605
0.74951
0.75297
0.75643
0.75989
0.76335
0.76681
0.77027
0.77372
0.77718
0.78064
0.7841
0.78756
0.79102
0.79449
0.79935
0.8042
0.80906
0.81391
0.81876
0.82362
0.82847
0.83333
0.83818
0.84304
0.84789
0.85275
0.8576
0.86245
0.86731
0.87216
0.87702
0.88187
0.88673
0.89158
0.89643
0.90129
0.90614
0.911
0.91585
0.92071
0.92556
0.93041
0.93527
0.94012
0.94498
0.94983
0.95469
0.95794
0.96115
0.96437
0.96758
0.97079
0.974
0.99668
0.99673
0.99679
0.99684
0.99784
0.99987
1