0
0.00121000000000000
0.00237000000000000
0.00362000000000000
0.00496000000000000
0.00621000000000000
0.00738000000000000
0.00848000000000000
0.00951000000000000
0.0104800000000000
0.0113900000000000
0.0122700000000000
0.0131200000000000
0.0139300000000000
0.0147100000000000
0.0154700000000000
0.0162000000000000
0.0169200000000000
0.0176300000000000
0.0183100000000000
0.0189900000000000
0.0196500000000000
0.0203000000000000
0.0209400000000000
0.0215700000000000
0.0221800000000000
0.0228000000000000
0.0234000000000000
0.0239900000000000
0.0245800000000000
0.0251700000000000
0.0257400000000000
0.0263100000000000
0.0268800000000000
0.0274400000000000
0.0280000000000000
0.0285500000000000
0.0291000000000000
0.0296500000000000
0.0301900000000000
0.0307200000000000
0.0312600000000000
0.0317900000000000
0.0323200000000000
0.0328500000000000
0.0333800000000000
0.0339000000000000
0.0344200000000000
0.0349300000000000
0.0354500000000000
0.0359600000000000
0.0364700000000000
0.0369800000000000
0.0374900000000000
0.0379900000000000
0.0384900000000000
0.0389900000000000
0.0394900000000000
0.0399800000000000
0.0404800000000000
0.0409700000000000
0.0414600000000000
0.0419500000000000
0.0424400000000000
0.0429200000000000
0.0434100000000000
0.0438900000000000
0.0443700000000000
0.0448500000000000
0.0453300000000000
0.0458000000000000
0.0462800000000000
0.0467500000000000
0.0472200000000000
0.0476900000000000
0.0481600000000000
0.0486300000000000
0.0491000000000000
0.0495600000000000
0.0500300000000000
0.0504900000000000
0.0509500000000000
0.0514100000000000
0.0518700000000000
0.0523300000000000
0.0527800000000000
0.0532400000000000
0.0537000000000000
0.0541500000000000
0.0546000000000000
0.0550500000000000
0.0555100000000000
0.0559500000000000
0.0564000000000000
0.0568500000000000
0.0572900000000000
0.0577400000000000
0.0581800000000000
0.0586300000000000
0.0590700000000000
0.0595100000000000
0.0599500000000000
0.0603900000000000
0.0608300000000000
0.0612600000000000
0.0617000000000000
0.0621400000000000
0.0625700000000000
0.0630100000000000
0.0634400000000000
0.0638800000000000
0.0643100000000000
0.0647400000000000
0.0651700000000000
0.0656000000000000
0.0660200000000000
0.0664500000000000
0.0668800000000000
0.0673100000000000
0.0677300000000000
0.0681500000000000
0.0685800000000000
0.0690000000000000
0.0694300000000000
0.0698500000000000
0.0702700000000000
0.0706900000000000
0.0711100000000000
0.0715200000000000
0.0719400000000000
0.0723600000000000
0.0727800000000000
0.0731900000000000
0.0736100000000000
0.0740200000000000
0.0744400000000000
0.0748500000000000
0.0752600000000000
0.0756700000000000
0.0760800000000000
0.0765000000000000
0.0769100000000000
0.0773200000000000
0.0777200000000000
0.0781300000000000
0.0785400000000000
0.0789500000000000
0.0793500000000000
0.0797600000000000
0.0801600000000000
0.0805700000000000
0.0809800000000000
0.0813800000000000
0.0817800000000000
0.0821800000000000
0.0825900000000000
0.0829900000000000
0.0833900000000000
0.0837900000000000
0.0841900000000000
0.0845900000000000
0.0849900000000000
0.0853900000000000
0.0857800000000000
0.0861800000000000
0.0865700000000000
0.0869700000000000
0.0873700000000000
0.0877600000000000
0.0881600000000000
0.0885500000000000
0.0889400000000000
0.0893400000000000
0.0897300000000000
0.0901200000000000
0.0905100000000000
0.0909100000000000
0.0913000000000000
0.0916900000000000
0.0920800000000000
0.0924700000000000
0.0928600000000000
0.0932400000000000
0.0936300000000000
0.0940200000000000
0.0944000000000000
0.0947900000000000
0.0951800000000000
0.0955600000000000
0.0959500000000000
0.0963300000000000
0.0967200000000000
0.0971000000000000
0.0974900000000000
0.0978700000000000
0.0982500000000000
0.0986300000000000
0.0990100000000000
0.0993900000000000
0.0997800000000000
0.100160000000000
0.100540000000000
0.100920000000000
0.101300000000000
0.101670000000000
0.102050000000000
0.102430000000000
0.102810000000000
0.103190000000000
0.103560000000000
0.103940000000000
0.104320000000000
0.104690000000000
0.105070000000000
0.105440000000000
0.105820000000000
0.106190000000000
0.106570000000000
0.106940000000000
0.107310000000000
0.107680000000000
0.108060000000000
0.108430000000000
0.108800000000000
0.109170000000000
0.109540000000000
0.109910000000000
0.110290000000000
0.110660000000000
0.111030000000000
0.111410000000000
0.111780000000000
0.112150000000000
0.112530000000000
0.112900000000000
0.113280000000000
0.113650000000000
0.114030000000000
0.114400000000000
0.114780000000000
0.115160000000000
0.115530000000000
0.115910000000000
0.116290000000000
0.116660000000000
0.117040000000000
0.117420000000000
0.117800000000000
0.118180000000000
0.118560000000000
0.118940000000000
0.119320000000000
0.119700000000000
0.120080000000000
0.120460000000000
0.120840000000000
0.121220000000000
0.121610000000000
0.121990000000000
0.122370000000000
0.122760000000000
0.123140000000000
0.123520000000000
0.123910000000000
0.124290000000000
0.124680000000000
0.125060000000000
0.125450000000000
0.125830000000000
0.126220000000000
0.126610000000000
0.127000000000000
0.127380000000000
0.127770000000000
0.128160000000000
0.128550000000000
0.128940000000000
0.129330000000000
0.129720000000000
0.130110000000000
0.130500000000000
0.130890000000000
0.131290000000000
0.131680000000000
0.132070000000000
0.132470000000000
0.132860000000000
0.133250000000000
0.133650000000000
0.134040000000000
0.134440000000000
0.134830000000000
0.135230000000000
0.135630000000000
0.136030000000000
0.136420000000000
0.136820000000000
0.137220000000000
0.137620000000000
0.138020000000000
0.138420000000000
0.138820000000000
0.139220000000000
0.139620000000000
0.140030000000000
0.140430000000000
0.140830000000000
0.141240000000000
0.141640000000000
0.142040000000000
0.142450000000000
0.142850000000000
0.143260000000000
0.143660000000000
0.144070000000000
0.144480000000000
0.144890000000000
0.145300000000000
0.145700000000000
0.146110000000000
0.146520000000000
0.146930000000000
0.147340000000000
0.147760000000000
0.148170000000000
0.148580000000000
0.149000000000000
0.149410000000000
0.149820000000000
0.150240000000000
0.150650000000000
0.151070000000000
0.151480000000000
0.151900000000000
0.152320000000000
0.152740000000000
0.153160000000000
0.153570000000000
0.153990000000000
0.154410000000000
0.154830000000000
0.155260000000000
0.155680000000000
0.156100000000000
0.156520000000000
0.156950000000000
0.157370000000000
0.157790000000000
0.158220000000000
0.158640000000000
0.159070000000000
0.159500000000000
0.159920000000000
0.160350000000000
0.160780000000000
0.161210000000000
0.161640000000000
0.162070000000000
0.162500000000000
0.162930000000000
0.163370000000000
0.163800000000000
0.164230000000000
0.164670000000000
0.165110000000000
0.165540000000000
0.165980000000000
0.166410000000000
0.166850000000000
0.167290000000000
0.167730000000000
0.168160000000000
0.168600000000000
0.169040000000000
0.169490000000000
0.169930000000000
0.170370000000000
0.170810000000000
0.171260000000000
0.171700000000000
0.172150000000000
0.172590000000000
0.173040000000000
0.173490000000000
0.173930000000000
0.174380000000000
0.174830000000000
0.175280000000000
0.175730000000000
0.176190000000000
0.176640000000000
0.177090000000000
0.177540000000000
0.177990000000000
0.178450000000000
0.178900000000000
0.179360000000000
0.179820000000000
0.180280000000000
0.180730000000000
0.181190000000000
0.181650000000000
0.182110000000000
0.182570000000000
0.183030000000000
0.183500000000000
0.183960000000000
0.184420000000000
0.184890000000000
0.185350000000000
0.185820000000000
0.186290000000000
0.186760000000000
0.187230000000000
0.187700000000000
0.188170000000000
0.188640000000000
0.189110000000000
0.189580000000000
0.190050000000000
0.190530000000000
0.191000000000000
0.191470000000000
0.191950000000000
0.192430000000000
0.192910000000000
0.193390000000000
0.193870000000000
0.194350000000000
0.194830000000000
0.195310000000000
0.195790000000000
0.196270000000000
0.196760000000000
0.197240000000000
0.197730000000000
0.198210000000000
0.198700000000000
0.199190000000000
0.199680000000000
0.200170000000000
0.200660000000000
0.201150000000000
0.201640000000000
0.202140000000000
0.202630000000000
0.203130000000000
0.203620000000000
0.204120000000000
0.204620000000000
0.205120000000000
0.205610000000000
0.206110000000000
0.206620000000000
0.207120000000000
0.207620000000000
0.208120000000000
0.208630000000000
0.209130000000000
0.209640000000000
0.210150000000000
0.210660000000000
0.211170000000000
0.211680000000000
0.212190000000000
0.212700000000000
0.213210000000000
0.213730000000000
0.214240000000000
0.214760000000000
0.215270000000000
0.215790000000000
0.216310000000000
0.216830000000000
0.217350000000000
0.217870000000000
0.218390000000000
0.218920000000000
0.219440000000000
0.219970000000000
0.220490000000000
0.221020000000000
0.221550000000000
0.222080000000000
0.222610000000000
0.223140000000000
0.223670000000000
0.224200000000000
0.224740000000000
0.225270000000000
0.225810000000000
0.226340000000000
0.226880000000000
0.227420000000000
0.227960000000000
0.228500000000000
0.229050000000000
0.229590000000000
0.230130000000000
0.230680000000000
0.231230000000000
0.231780000000000
0.232320000000000
0.232870000000000
0.233430000000000
0.233980000000000
0.234530000000000
0.235080000000000
0.235640000000000
0.236200000000000
0.236750000000000
0.237310000000000
0.237870000000000
0.238430000000000
0.238990000000000
0.239560000000000
0.240120000000000
0.240690000000000
0.241250000000000
0.241820000000000
0.242390000000000
0.242960000000000
0.243530000000000
0.244100000000000
0.244680000000000
0.245250000000000
0.245820000000000
0.246400000000000
0.246980000000000
0.247560000000000
0.248140000000000
0.248720000000000
0.249310000000000
0.249890000000000
0.250480000000000
0.251060000000000
0.251650000000000
0.252240000000000
0.252830000000000
0.253420000000000
0.254010000000000
0.254600000000000
0.255200000000000
0.255790000000000
0.256390000000000
0.256990000000000
0.257590000000000
0.258200000000000
0.258800000000000
0.259400000000000
0.260010000000000
0.260620000000000
0.261220000000000
0.261830000000000
0.262440000000000
0.263060000000000
0.263670000000000
0.264290000000000
0.264900000000000
0.265520000000000
0.266140000000000
0.266760000000000
0.267380000000000
0.268000000000000
0.268630000000000
0.269250000000000
0.269880000000000
0.270510000000000
0.271140000000000
0.271770000000000
0.272400000000000
0.273030000000000
0.273670000000000
0.274310000000000
0.274950000000000
0.275580000000000
0.276230000000000
0.276870000000000
0.277510000000000
0.278160000000000
0.278810000000000
0.279450000000000
0.280110000000000
0.280760000000000
0.281410000000000
0.282070000000000
0.282720000000000
0.283380000000000
0.284040000000000
0.284700000000000
0.285360000000000
0.286020000000000
0.286690000000000
0.287360000000000
0.288020000000000
0.288690000000000
0.289370000000000
0.290040000000000
0.290710000000000
0.291390000000000
0.292070000000000
0.292740000000000
0.293420000000000
0.294100000000000
0.294790000000000
0.295480000000000
0.296160000000000
0.296850000000000
0.297540000000000
0.298230000000000
0.298930000000000
0.299620000000000
0.300320000000000
0.301020000000000
0.301720000000000
0.302420000000000
0.303120000000000
0.303830000000000
0.304530000000000
0.305240000000000
0.305950000000000
0.306670000000000
0.307380000000000
0.308090000000000
0.308810000000000
0.309530000000000
0.310250000000000
0.310970000000000
0.311700000000000
0.312420000000000
0.313150000000000
0.313880000000000
0.314610000000000
0.315340000000000
0.316080000000000
0.316820000000000
0.317550000000000
0.318290000000000
0.319040000000000
0.319780000000000
0.320530000000000
0.321270000000000
0.322020000000000
0.322770000000000
0.323530000000000
0.324280000000000
0.325040000000000
0.325800000000000
0.326560000000000
0.327320000000000
0.328080000000000
0.328850000000000
0.329620000000000
0.330390000000000
0.331160000000000
0.331930000000000
0.332710000000000
0.333490000000000
0.334270000000000
0.335050000000000
0.335830000000000
0.336620000000000
0.337410000000000
0.338200000000000
0.338990000000000
0.339780000000000
0.340580000000000
0.341380000000000
0.342180000000000
0.342980000000000
0.343780000000000
0.344590000000000
0.345400000000000
0.346210000000000
0.347020000000000
0.347830000000000
0.348650000000000
0.349470000000000
0.350290000000000
0.351110000000000
0.351940000000000
0.352770000000000
0.353600000000000
0.354430000000000
0.355260000000000
0.356100000000000
0.356940000000000
0.357780000000000
0.358620000000000
0.359460000000000
0.360320000000000
0.361170000000000
0.362020000000000
0.362870000000000
0.363720000000000
0.364580000000000
0.365450000000000
0.366310000000000
0.367180000000000
0.368050000000000
0.368910000000000
0.369790000000000
0.370660000000000
0.371540000000000
0.372420000000000
0.373310000000000
0.374190000000000
0.375070000000000
0.375960000000000
0.376860000000000
0.377750000000000
0.378650000000000
0.379550000000000
0.380450000000000
0.381360000000000
0.382270000000000
0.383170000000000
0.384090000000000
0.385000000000000
0.385920000000000
0.386840000000000
0.387760000000000
0.388690000000000
0.389610000000000
0.390550000000000
0.391480000000000
0.392420000000000
0.393350000000000
0.394300000000000
0.395240000000000
0.396190000000000
0.397140000000000
0.398090000000000
0.399040000000000
0.400000000000000
0.400970000000000
0.401930000000000
0.402890000000000
0.403860000000000
0.404830000000000
0.405810000000000
0.406790000000000
0.407770000000000
0.408750000000000
0.409740000000000
0.410730000000000
0.411720000000000
0.412720000000000
0.413720000000000
0.414720000000000
0.415720000000000
0.416730000000000
0.417740000000000
0.418750000000000
0.419770000000000
0.420790000000000
0.421810000000000
0.422840000000000
0.423860000000000
0.424900000000000
0.425940000000000
0.426970000000000
0.428010000000000
0.429060000000000
0.430110000000000
0.431160000000000
0.432220000000000
0.433270000000000
0.434340000000000
0.435400000000000
0.436470000000000
0.437540000000000
0.438620000000000
0.439700000000000
0.440770000000000
0.441860000000000
0.442950000000000
0.444040000000000
0.445140000000000
0.446240000000000
0.447340000000000
0.448450000000000
0.449560000000000
0.450680000000000
0.451790000000000
0.452910000000000
0.454040000000000
0.455160000000000
0.456300000000000
0.457440000000000
0.458580000000000
0.459720000000000
0.460860000000000
0.462020000000000
0.463180000000000
0.464330000000000
0.465500000000000
0.466670000000000
0.467840000000000
0.469010000000000
0.470190000000000
0.471370000000000
0.472560000000000
0.473750000000000
0.474950000000000
0.476150000000000
0.477350000000000
0.478560000000000
0.479770000000000
0.480990000000000
0.482220000000000
0.483440000000000
0.484670000000000
0.485900000000000
0.487140000000000
0.488380000000000
0.489630000000000
0.490880000000000
0.492130000000000
0.493400000000000
0.494660000000000
0.495930000000000
0.497210000000000
0.498490000000000
0.499770000000000
0.501060000000000
0.502360000000000
0.503660000000000
0.504960000000000
0.506270000000000
0.507580000000000
0.508900000000000
0.510230000000000
0.511550000000000
0.512890000000000
0.514220000000000
0.515560000000000
0.516920000000000
0.518270000000000
0.519640000000000
0.521000000000000
0.522370000000000
0.523740000000000
0.525120000000000
0.526510000000000
0.527900000000000
0.529300000000000
0.530700000000000
0.532120000000000
0.533530000000000
0.534950000000000
0.536380000000000
0.537810000000000
0.539250000000000
0.540700000000000
0.542140000000000
0.543600000000000
0.545060000000000
0.546530000000000
0.548000000000000
0.549490000000000
0.550980000000000
0.552470000000000
0.553960000000000
0.555480000000000
0.556990000000000
0.558510000000000
0.560030000000000
0.561560000000000
0.563100000000000
0.564640000000000
0.566210000000000
0.567770000000000
0.569330000000000
0.570910000000000
0.572480000000000
0.574070000000000
0.575680000000000
0.577270000000000
0.578880000000000
0.580500000000000
0.582130000000000
0.583760000000000
0.585410000000000
0.587050000000000
0.588710000000000
0.590370000000000
0.592040000000000
0.593730000000000
0.595410000000000
0.597120000000000
0.598820000000000
0.600520000000000
0.602260000000000
0.603990000000000
0.605720000000000
0.607480000000000
0.609220000000000
0.610990000000000
0.612760000000000
0.614550000000000
0.616350000000000
0.618140000000000
0.619960000000000
0.621780000000000
0.623610000000000
0.625450000000000
0.627300000000000
0.629170000000000
0.631040000000000
0.632910000000000
0.634800000000000
0.636710000000000
0.638620000000000
0.640540000000000
0.642490000000000
0.644430000000000
0.646380000000000
0.648350000000000
0.650330000000000
0.652320000000000
0.654330000000000
0.656330000000000
0.658360000000000
0.660410000000000
0.662450000000000
0.664520000000000
0.666600000000000
0.668680000000000
0.670780000000000
0.672900000000000
0.675030000000000
0.677170000000000
0.679320000000000
0.681510000000000
0.683680000000000
0.685870000000000
0.688090000000000
0.690330000000000
0.692570000000000
0.694820000000000
0.697090000000000
0.699390000000000
0.701690000000000
0.704020000000000
0.706340000000000
0.708690000000000
0.711070000000000
0.713460000000000
0.715870000000000
0.718290000000000
0.720730000000000
0.723200000000000
0.725670000000000
0.728180000000000
0.730690000000000
0.733230000000000
0.735790000000000
0.738380000000000
0.740980000000000
0.743600000000000
0.746220000000000
0.748900000000000
0.751590000000000
0.754290000000000
0.757040000000000
0.759790000000000
0.762570000000000
0.765370000000000
0.768210000000000
0.771090000000000
0.773960000000000
0.776880000000000
0.779820000000000
0.782780000000000
0.785790000000000
0.788830000000000
0.791870000000000
0.794980000000000
0.798090000000000
0.801270000000000
0.804450000000000
0.807670000000000
0.810950000000000
0.814240000000000
0.817570000000000
0.820940000000000
0.824380000000000
0.827820000000000
0.831330000000000
0.834880000000000
0.838470000000000
0.842100000000000
0.845770000000000
0.849510000000000
0.853280000000000
0.857130000000000
0.861030000000000
0.864990000000000
0.869000000000000
0.873060000000000
0.877200000000000
0.881390000000000
0.885660000000000
0.890000000000000
0.894420000000000
0.898910000000000
0.903500000000000
0.908180000000000
0.912950000000000
0.917800000000000
0.922720000000000
0.927800000000000
0.932990000000000
0.938280000000000
0.943690000000000
0.949260000000000
0.954930000000000
0.960820000000000
0.966840000000000
0.973050000000000
0.979430000000000
0.986050000000000
0.992910000000000
1